0.00	0.00
0.01	0.01
0.02	0.02
0.03	0.03
0.04	0.04
0.05	0.05
0.06	0.06
0.07	0.07
0.08	0.08
0.09	0.09
0.10	0.10
0.11	0.11
0.13	0.13
0.14	0.14
0.15	0.15
0.18	0.18
0.19	0.19
0.20	0.20
0.24	0.24
0.25	0.25
0.26	0.26
0.28	0.28
0.29	0.29
0.31	0.30
0.33	0.33
0.34	0.34
0.35	0.35
0.36	0.36
0.37	0.37
0.38	0.38
0.40	0.40
0.41	0.41
0.42	0.42
0.44	0.44
0.45	0.45
0.46	0.46
0.47	0.47
0.48	0.48
0.49	0.49
0.50	0.50
0.51	0.51
0.52	0.52
0.55	0.55
0.56	0.56
0.59	0.59
0.60	0.60
0.62	0.62
0.64	0.64
0.66	0.66
0.67	0.67
0.70	0.70
0.71	0.71
0.74	0.74
0.76	0.76
0.77	0.77
0.79	0.79
0.81	0.81
0.82	0.82
0.83	0.83
0.85	0.85
0.86	0.86
0.88	0.88
0.89	0.89
0.91	0.91
0.93	0.93
0.94	0.94
0.95	0.95
0.96	0.96
0.96	0.97
0.97	0.97
1.00	1.00
10.08	10.08
10.09	10.09
1.01	1.01
10.11	10.11
10.12	10.12
10.15	10.15
10.16	10.16
10.17	10.17
10.18	10.18
10.19	10.19
1.02	1.03
10.22	10.22
10.25	10.25
10.26	10.26
10.31	10.31
10.32	10.32
10.33	10.33
10.35	10.35
10.37	10.37
10.39	10.39
10.42	10.42
10.43	10.43
10.45	10.45
10.46	10.46
10.47	10.47
10.49	10.49
10.50	10.50
10.53	10.53
10.54	10.54
10.55	10.55
10.58	10.58
10.59	10.59
1.06	1.06
10.61	10.61
10.64	10.64
10.65	10.65
10.66	10.66
10.67	10.67
10.69	10.69
10.70	10.70
10.72	10.72
10.73	10.72
10.74	10.74
10.76	10.76
10.77	10.77
1.08	1.08
10.81	10.81
10.87	10.87
10.90	10.90
1.09	1.09
10.91	10.91
10.92	10.92
10.93	10.93
10.96	10.96
10.98	10.98
10.99	10.99
1.10	1.10
11.03	11.03
11.06	11.06
11.07	11.07
11.08	11.08
11.09	11.09
11.10	11.10
11.14	11.14
11.16	11.16
11.18	11.19
11.23	11.23
11.26	11.26
1.13	1.13
11.32	11.32
11.36	11.36
11.37	11.37
11.39	11.39
11.41	11.41
1.14	1.14
11.43	11.43
11.49	11.49
11.51	11.51
1.15	1.15
11.59	11.59
1.16	1.16
11.62	11.62
11.63	11.63
11.64	11.64
1.17	1.17
11.73	11.74
11.81	11.81
11.82	11.82
11.89	11.89
1.19	1.19
11.96	11.95
11.96	11.96
11.97	11.97
11.98	11.98
1.20	1.20
12.02	12.02
12.06	12.05
12.07	12.07
12.10	12.10
12.11	12.11
12.12	12.12
12.16	12.16
12.19	12.19
12.31	12.31
12.34	12.34
12.36	12.36
12.37	12.37
12.44	12.44
12.44	12.45
12.51	12.51
1.25	1.25
12.55	12.55
12.59	12.59
12.61	12.60
1.26	1.26
12.66	12.65
12.66	12.66
12.68	12.68
12.74	12.74
12.76	12.76
12.78	12.78
12.80	12.80
12.84	12.84
12.92	12.92
12.93	12.93
12.99	12.99
13.03	13.03
13.05	13.05
13.08	13.08
1.31	1.31
13.15	13.14
1.32	1.32
13.26	13.26
1.33	1.33
13.32	13.32
13.36	13.36
1.34	1.35
13.44	13.44
13.50	13.50
1.35	1.35
1.36	1.36
13.63	13.63
13.65	13.65
13.68	13.68
13.71	13.71
1.37	1.37
13.73	13.73
13.81	13.81
-1.400676410412E-006	2.205306373071E-006
1.40	1.40
14.03	14.03
14.07	14.07
14.18	14.18
14.19	14.19
1.43	1.43
14.40	14.39
14.41	14.41
14.42	14.42
14.44	14.44
1.45	1.45
14.63	14.63
14.66	14.66
14.88	14.87
14.97	14.97
14.98	14.98
1.51	1.51
15.13	15.13
15.18	15.18
1.52	1.52
15.25	15.25
1.53	1.53
15.36	15.36
15.44	15.44
15.50	15.50
15.51	15.51
1.55	1.55
15.63	15.63
15.66	15.66
15.67	15.67
15.70	15.70
15.75	15.75
15.86	15.86
15.90	15.90
15.94	15.94
15.96	15.96
1.6002799384296E-005	1.9815866835415E-005
16.09	16.09
16.26	16.27
16.35	16.35
1.64	1.64
16.43	16.43
1.65	1.65
1.66	1.66
16.72	16.72
16.79	16.79
16.83	16.83
16.92	16.92
1.70	1.70
17.06	17.06
17.11	17.11
1.71	1.71
1.72	1.72
17.23	17.24
17.26	17.27
17.37	17.36
17.37	17.37
1.74	1.74
17.45	17.45
1.76	1.76
17.70	17.70
1.77	1.77
1.78	1.78
1.79	1.79
17.96	17.96
17.97	17.97
18.01	18.01
1.81	1.82
18.14	18.14
18.15	18.15
1.83	1.83
1.84	1.84
18.47	18.47
18.63	18.63
1.87	1.87
18.84	18.84
1.90	1.90
19.23	19.23
19.26	19.26
1.93	1.93
19.34	19.35
19.46	19.46
19.49	19.49
1.95	1.95
19.59	19.60
1.97	1.97
19.93	19.93
2.00	2.00
20.09	20.09
20.16	20.16
2.02	2.02
2.03	2.03
2.04	2.04
20.52	20.52
2.06	2.06
20.73	20.73
20.86	20.86
2.09	2.09
20.93	20.93
20.99	20.99
2.10	2.10
2.11	2.11
21.14	21.14
21.16	21.17
2.13	2.13
2.14	2.14
21.44	21.44
2.16	2.16
2.17	2.17
21.79	21.79
2.19	2.19
21.94	21.94
2.20	2.20
2.22	2.21
2.23	2.23
22.60	22.60
2.26	2.26
2.266249794047E-006	-3.693821781781E-006
22.71	22.71
2.27	2.27
22.74	22.75
22.97	22.98
2.30	2.30
23.17	23.17
2.32	2.32
2.34	2.34
2.35	2.35
2.38	2.38
23.93	23.93
24.13	24.13
2.43	2.43
2.44	2.44
2.45	2.45
2.48	2.48
2.49	2.49
2.52	2.52
2.53	2.53
25.37	25.37
2.59	2.59
2.60	2.60
2.61	2.61
2.62	2.62
26.37	26.37
2.64	2.64
2.66	2.66
2.66	2.67
2.69	2.69
2.70	2.70
27.10	27.10
2.72	2.72
27.28	27.28
2.73	2.73
27.39	27.39
2.74	2.74
2.75	2.75
27.84	27.85
2.79	2.79
2.82	2.82
2.86	2.85
2.86	2.86
28.64	28.65
2.87	2.87
2.89	2.89
2.90	2.90
2.92	2.92
2.93	2.93
2.94	2.94
2.96	2.96
2.98	2.98
2.98	2.99
2.99	2.99
3.01	3.01
3.02	3.02
3.05	3.05
3.06	3.06
3.08	3.08
3.09	3.09
3.10	3.11
3.17	3.17
3.18	3.18
3.19	3.19
3.22	3.21
3.25	3.25
3.26	3.26
3.27	3.27
3.29	3.29
3.32	3.32
3.35	3.35
3.39	3.39
3.40	3.40
3.41	3.41
3.52	3.52
3.53	3.53
3.54	3.54
3.57	3.57
3.65	3.65
3.66	3.66
3.67	3.67
3.71	3.71
3.73	3.73
3.75	3.75
3.78	3.77
3.85	3.85
3.86	3.86
3.87	3.87
3.89	3.90
3.92	3.92
3.95	3.95
4.06	4.06
4.07	4.07
4.13	4.13
4.15	4.15
4.16	4.16
4.18	4.18
4.19	4.19
4.22	4.22
4.23	4.23
4.26	4.26
4.29	4.29
4.35	4.35
4.39	4.39
4.42	4.42
4.51	4.51
4.52	4.52
4.54	4.54
4.55	4.56
4.62	4.62
4.63	4.63
4.69	4.69
4.71	4.71
4.76	4.76
4.79	4.79
4.80	4.80
4.87	4.87
4.91	4.91
5.04	5.04
5.07	5.07
5.12	5.13
5.13	5.13
5.15	5.16
5.24	5.24
5.28	5.28
5.29	5.29
5.32	5.32
5.36	5.36
5.37	5.37
5.40	5.40
5.44	5.44
5.45	5.45
5.46	5.46
5.60	5.60
5.61	5.61
5.69	5.69
5.73	5.73
5.78	5.77
5.78	5.78
5.79	5.79
5.85	5.85
5.8716163039207E-005	5.6432094424963E-005
5.87	5.87
5.90	5.90
5.91	5.91
5.92	5.92
5.98	5.98
6.04	6.04
6.08	6.08
6.09	6.09
6.11	6.11
6.16	6.16
6.17	6.17
6.29	6.28
6.33	6.33
6.36	6.36
6.42	6.43
6.43	6.43
6.48	6.48
6.50	6.50
6.51	6.51
6.52	6.52
6.54	6.54
6.63	6.63
6.65	6.65
6.678281351924E-006	9.020208381116E-006
6.69	6.69
6.75	6.75
6.78	6.78
6.79	6.78
6.80	6.80
6.80	6.81
6.81	6.81
6.83	6.83
6.91	6.90
7.01	7.01
7.05	7.05
7.16	7.16
7.17	7.17
7.18	7.18
7.21	7.20
7.31	7.31
7.35	7.35
7.46	7.46
7.49	7.49
7.53	7.53
7.55	7.55
7.56	7.56
7.57	7.57
7.63	7.63
7.70	7.70
7.74	7.74
7.82	7.81
7.82	7.82
7.87	7.87
7.90	7.90
7.91	7.90
7.93	7.93
7.94	7.94
7.96	7.96
7.98	7.98
8.03	8.03
8.06	8.06
8.07	8.07
8.13	8.13
8.26	8.26
8.31	8.31
8.32	8.31
8.32	8.32
8.37	8.37
8.46	8.46
8.52	8.51
8.53584424476E-007	8.53626261232E-007
8.55	8.55
8.59	8.59
8.60	8.60
8.69	8.69
8.72	8.72
8.76	8.76
8.81	8.81
8.84	8.84
8.86	8.86
8.87	8.87
8.89	8.89
8.91	8.91
8.92	8.92
8.95	8.95
8.96	8.96
9.00	9.00
9.02	9.02
9.03	9.03
9.05	9.05
9.07	9.07
9.08	9.08
9.09	9.09
9.10	9.10
9.11	9.11
9.15	9.15
9.16	9.16
9.17	9.17
9.18	9.18
9.20	9.20
9.21	9.21
9.24	9.24
9.26	9.26
9.31	9.31
9.32	9.32
9.33	9.33
9.38	9.38
9.40	9.40
9.41	9.41
9.44	9.44
9.45	9.45
9.50	9.50
9.54	9.54
9.55	9.55
9.56	9.56
9.57	9.58
9.5866620540619E-005	9.5582567155361E-005
9.58	9.58
9.59	9.59
9.60	9.60
9.63	9.63
9.66	9.66
9.69	9.69
9.70	9.70
9.76	9.76
9.77	9.77
9.79	9.79
9.85	9.85
9.89	9.89
9.93	9.93
9.96	9.96
9.97	9.97
