0.00	0.00
0.00	0.01
0.00	0.02
0.00	5.461135879159E-005
0.00	-8.7921740487218E-005
0.01	0.00
0.01	-0.01
0.01	0.01
0.01	-0.02
0.01	0.02
0.01	0.03
0.01	0.04
0.02	0.00
0.02	-0.01
0.02	0.01
0.02	0.04
0.03	0.00
0.03	0.04
0.03	0.06
0.04	0.04
0.05	0.03
0.05	0.04
0.06	0.01
0.06	-0.02
0.06	-0.03
0.06	-0.04
0.07	0.04
0.08	0.03
0.08	0.08
0.08	0.36
0.09	-0.03
0.10	0.13
0.11	0.10
0.11	0.15
0.11	0.37
0.13	0.03
0.13	0.16
0.14	0.14
0.15	0.35
0.18	0.33
0.19	0.00
0.20	0.33
0.20	0.41
0.24	0.09
0.24	0.29
0.25	0.27
0.26	0.04
0.26	0.26
0.26	0.33
0.26	1.48
0.28	0.23
0.28	0.25
0.28	0.35
0.29	0.19
0.31	0.12
0.33	0.02
0.34	0.01
0.34	0.09
0.35	0.00
0.35	0.01
0.35	0.24
0.36	0.03
0.36	0.07
0.37	0.08
0.38	0.00
0.40	0.24
0.40	0.28
0.41	0.03
0.41	0.11
0.41	0.40
0.42	0.17
0.44	0.10
0.45	1.09
0.46	0.10
0.47	0.42
0.48	0.39
0.48	0.73
0.48	1.51
0.49	0.19
0.49	0.42
0.49	1.23
0.50	0.42
0.51	0.10
0.51	0.42
0.52	0.41
0.52	1.22
0.52	2.96
0.55	0.26
0.55	1.22
0.56	0.09
0.56	1.22
0.59	0.05
0.59	1.22
0.60	0.35
0.62	1.10
0.64	0.64
0.66	0.60
0.67	0.26
0.67	0.53
0.70	1.62
0.71	0.74
0.74	0.89
0.76	1.71
0.77	1.21
0.79	0.55
0.81	0.70
0.81	0.79
0.81	1.05
0.82	0.06
0.82	0.22
0.82	1.20
0.83	0.38
0.83	0.86
0.83	1.80
0.85	1.83
0.86	0.54
0.86	1.36
0.88	1.84
0.89	0.21
0.91	1.52
0.91	1.90
0.93	0.20
0.93	1.27
0.94	1.54
0.95	0.47
0.96	0.75
0.96	0.97
0.96	1.35
0.96	3.02
0.97	0.39
0.97	1.07
0.97	1.43
1.00	0.51
10.08	8.66
10.09	8.53
1.01	1.35
10.11	9.28
10.12	12.67
10.12	9.11
10.15	8.57
10.16	12.81
10.16	8.59
10.17	8.59
10.18	12.64
10.19	10.84
10.19	7.86
1.02	0.19
10.22	11.01
10.25	12.76
10.25	8.65
10.26	10.89
10.26	8.67
10.31	10.63
10.31	8.69
10.32	8.71
10.33	8.71
10.35	8.55
10.37	12.84
10.39	11.16
10.42	11.16
10.43	11.41
10.43	11.67
10.43	12.81
10.45	12.90
10.45	8.79
10.46	8.82
10.47	10.49
10.49	8.07
10.50	8.83
10.53	9.12
10.54	12.95
10.55	8.86
10.58	11.08
10.58	8.89
10.58	8.99
10.59	8.92
1.06	0.48
10.61	8.94
10.64	13.02
10.65	13.05
10.66	8.99
10.67	12.52
10.67	8.95
10.69	9.62
10.70	8.78
10.72	8.64
10.72	9.12
10.73	13.13
10.74	13.11
10.76	10.76
10.76	11.25
10.76	11.42
10.76	9.06
10.77	11.41
10.77	9.08
1.08	0.47
10.81	9.11
10.87	8.78
10.90	11.99
10.90	13.23
1.09	0.58
10.91	13.31
10.91	9.82
10.92	13.19
10.93	9.21
10.96	12.89
10.98	11.57
10.99	13.39
1.10	0.53
1.10	1.36
11.03	11.78
11.06	13.32
11.06	9.31
11.07	11.54
11.08	13.64
11.09	8.60
11.09	9.40
11.10	11.64
11.14	13.52
11.14	9.95
11.16	8.61
11.18	14.03
11.23	11.57
11.23	9.12
11.26	12.95
1.13	0.19
11.32	10.20
11.36	13.50
11.37	12.32
11.39	9.58
11.41	10.35
1.14	1.43
11.43	11.88
11.49	12.67
1.15	1.62
11.51	9.32
1.15	1.95
11.59	12.46
1.16	1.03
11.62	14.44
11.63	9.14
11.64	12.10
1.17	2.07
11.73	12.49
11.81	12.30
11.81	14.10
11.81	14.61
11.82	9.93
11.89	9.40
1.19	1.07
11.96	11.44
11.96	9.82
11.97	9.46
11.98	10.05
1.20	0.71
12.02	12.38
12.06	12.37
12.07	10.13
12.07	10.82
12.10	14.25
12.11	9.56
12.12	10.77
12.16	14.92
12.19	12.68
12.19	9.62
12.31	14.28
12.34	12.42
12.36	12.64
12.36	9.90
12.37	9.75
12.44	11.11
12.44	13.14
12.44	14.21
1.25	0.74
12.51	11.06
12.55	9.88
12.59	14.35
12.61	14.50
1.26	2.06
12.66	10.61
12.66	10.99
12.66	11.27
12.66	12.91
12.68	12.91
12.74	14.49
12.76	13.28
12.78	11.28
12.80	13.04
12.80	14.55
12.84	14.61
12.92	14.67
12.93	10.75
12.99	14.73
13.03	13.26
13.03	13.57
13.05	13.48
13.08	11.53
1.31	1.87
13.15	11.64
1.32	1.20
13.26	13.84
13.26	14.94
1.33	0.72
13.32	13.54
13.36	10.99
1.34	0.52
13.44	13.52
13.50	13.37
1.35	1.07
1.36	0.87
1.36	1.03
13.63	14.99
13.65	12.03
13.68	14.05
13.68	15.29
1.37	0.73
13.71	15.21
13.73	11.00
13.81	11.19
-1.400676410412E-006	-1.052453626471E-006
1.40	0.74
1.40	1.72
14.03	13.83
1.40	3.25
14.07	12.89
14.18	11.94
14.19	16.91
1.43	2.25
14.40	15.60
14.41	12.79
14.42	15.83
14.44	15.91
1.45	0.77
14.63	15.91
14.63	17.70
14.66	14.57
14.88	13.18
14.97	13.54
14.98	14.68
1.51	0.79
15.13	15.27
15.18	15.01
15.18	16.64
1.52	3.42
15.25	16.11
1.53	1.90
15.36	16.42
15.44	15.53
15.50	15.35
15.51	16.97
1.55	2.34
15.63	15.61
15.66	16.56
15.67	12.90
15.70	15.47
15.75	16.54
15.86	15.77
15.90	14.21
15.94	15.68
15.96	16.42
1.6002799384296E-005	6.4477790147066E-005
16.09	17.56
16.26	16.06
16.35	16.06
1.64	2.32
16.43	17.42
1.65	3.59
1.66	0.77
16.72	14.00
16.79	17.80
16.83	17.58
16.92	17.51
1.70	1.74
1.70	2.38
17.06	17.73
17.11	19.61
1.71	3.67
1.72	1.08
17.23	18.09
17.26	14.49
17.37	17.99
17.37	18.19
1.74	1.30
17.45	15.61
1.76	2.44
1.76	3.68
17.70	18.41
1.77	2.51
1.78	1.31
1.78	2.46
1.79	2.06
17.96	20.31
17.97	15.21
18.01	20.77
1.81	3.81
18.14	18.78
18.15	18.49
18.15	18.66
1.83	1.06
1.83	2.51
1.84	2.30
18.47	18.89
18.63	19.11
1.87	1.71
18.84	21.00
1.90	0.94
19.23	21.31
19.26	16.52
1.93	1.51
19.34	21.70
19.46	20.77
19.49	20.07
1.95	1.42
19.59	19.92
1.97	1.71
19.93	21.86
2.00	1.02
2.00	1.44
20.09	20.66
20.16	20.37
2.02	1.44
2.03	2.64
2.04	2.15
20.52	21.62
2.06	1.44
20.73	20.84
20.86	23.34
2.09	1.44
20.93	20.98
20.99	21.05
2.10	2.87
2.11	0.96
21.14	22.10
21.16	21.74
2.13	2.36
2.14	1.44
21.44	21.43
2.16	0.94
2.17	1.17
2.17	2.43
21.79	23.98
2.19	1.35
21.94	22.12
2.20	1.45
2.22	1.71
2.23	1.62
22.60	23.19
2.26	2.83
2.266249794047E-006	-7.55069322622E-007
22.71	22.70
2.27	1.84
2.27	2.92
22.74	24.63
22.97	25.33
2.30	3.91
23.17	24.92
2.32	1.50
2.34	2.29
2.35	1.77
2.35	4.13
2.38	1.88
23.93	22.87
24.13	24.28
2.43	2.54
2.44	1.90
2.45	3.27
2.48	1.74
2.49	1.48
2.52	4.13
2.53	1.88
25.37	25.11
2.59	1.96
2.60	2.67
2.61	2.69
2.62	3.28
26.37	25.87
2.64	1.95
2.66	1.44
2.66	2.49
2.66	3.18
2.69	3.06
2.70	1.85
27.10	26.91
2.72	3.29
27.28	29.45
2.73	1.74
2.73	2.30
27.39	26.68
2.74	2.03
2.75	1.47
27.84	27.06
2.79	1.49
2.82	2.60
2.86	3.25
28.64	27.73
2.86	4.50
2.87	2.01
2.89	2.03
2.90	1.53
2.90	2.11
2.92	3.29
2.93	3.43
2.94	2.06
2.96	2.07
2.96	2.73
2.98	3.24
2.98	3.34
2.99	3.00
3.01	1.58
3.01	3.37
3.02	2.11
3.05	2.51
3.06	3.40
3.08	2.15
3.09	3.43
3.09	4.68
3.10	2.81
3.17	2.30
3.18	3.63
3.19	2.78
3.22	3.68
3.25	2.64
3.26	2.15
3.27	3.73
3.29	4.64
3.32	3.77
3.35	3.79
3.39	3.82
3.40	3.99
3.40	4.76
3.40	6.55
3.41	3.84
3.52	2.51
3.52	4.88
3.53	2.40
3.54	5.02
3.57	4.93
3.65	2.11
3.66	5.03
3.67	3.15
3.71	2.74
3.73	2.97
3.73	3.62
3.75	2.78
3.75	2.96
3.75	3.21
3.78	2.89
3.85	2.97
3.85	4.22
3.86	4.14
3.87	2.92
3.89	3.73
3.92	3.30
3.95	4.36
4.06	5.28
4.07	3.38
4.07	3.85
4.13	4.45
4.15	3.90
4.16	4.65
4.18	4.48
4.19	5.75
4.22	4.29
4.23	4.45
4.26	3.36
4.29	4.01
4.35	4.70
4.39	2.70
4.39	3.22
4.42	3.59
4.42	4.69
4.51	4.67
4.52	5.66
4.54	5.83
4.55	4.80
4.62	4.81
4.63	2.99
4.69	6.86
4.71	3.54
4.76	5.29
4.79	3.77
4.79	3.82
4.79	5.01
4.80	4.98
4.80	5.06
4.87	5.11
4.91	6.55
5.04	3.53
5.07	3.76
5.12	5.29
5.13	5.45
5.15	5.32
5.24	6.55
5.28	3.89
5.29	4.34
5.32	6.35
5.36	4.32
5.37	5.08
5.40	3.70
5.44	6.58
5.45	5.36
5.46	4.60
5.60	5.78
5.61	4.56
5.61	5.79
5.69	4.79
5.73	4.02
5.78	4.05
5.78	4.32
5.79	4.22
5.85	6.86
5.8716163039207E-005	6.9307396188378E-005
5.87	4.11
5.90	6.15
5.91	4.81
5.91	4.97
5.92	4.15
5.98	4.91
6.04	4.22
6.04	5.07
6.08	4.43
6.09	6.34
6.11	5.01
6.16	4.30
6.17	6.21
6.29	5.63
6.33	4.59
6.33	5.30
6.36	7.26
6.42	6.60
6.43	7.37
6.48	4.84
6.50	5.28
6.51	4.79
6.52	6.74
6.54	7.45
6.63	6.92
6.65	7.53
6.678281351924E-006	0.00
6.69	7.57
6.75	6.69
6.78	7.64
6.79	6.08
6.80	6.40
6.80	7.98
6.81	5.32
6.83	7.68
6.91	5.17
7.01	6.91
7.05	5.61
7.16	7.27
7.17	5.37
7.18	6.72
7.21	6.40
7.31	8.85
7.35	5.79
7.46	5.95
7.49	5.55
7.49	7.34
7.53	5.90
7.55	5.77
7.56	7.64
7.57	7.06
7.63	8.05
7.70	8.45
7.74	5.84
7.74	8.66
7.82	6.86
7.82	7.81
7.87	8.27
7.90	5.97
7.91	8.72
7.93	7.89
7.93	8.03
7.94	6.17
7.94	7.50
7.96	7.15
7.98	8.21
8.03	8.11
8.06	8.94
8.07	7.44
8.13	8.03
8.26	8.89
8.31	9.29
8.32	7.24
8.32	8.41
8.37	6.45
8.46	8.76
8.52	6.72
8.53584424476E-007	0.00
8.55	6.57
8.59	9.21
8.60	7.43
8.69	9.40
8.72	6.64
8.76	7.99
8.81	9.97
8.84	9.37
8.86	10.01
8.87	10.00
8.89	8.17
8.89	9.94
8.91	6.07
8.92	10.05
8.92	10.06
8.95	10.11
8.95	11.86
8.95	6.84
8.96	10.07
8.96	10.08
9.00	10.39
9.02	9.34
9.03	10.14
9.05	10.14
9.05	10.15
9.07	9.25
9.08	6.32
9.09	10.18
9.10	10.17
9.10	6.21
9.11	9.60
9.15	10.22
9.15	6.41
9.16	10.23
9.16	8.32
9.17	10.23
9.17	10.30
9.18	9.23
9.20	10.26
9.21	6.29
9.21	7.91
9.24	10.10
9.26	7.94
9.31	10.35
9.31	8.55
9.32	10.11
9.33	6.66
9.38	12.22
9.40	10.15
9.41	10.26
9.44	10.19
9.45	6.48
9.50	10.24
9.50	7.27
9.54	10.28
9.55	8.14
9.55	8.77
9.56	6.56
9.57	7.53
9.58	10.01
9.5866620540619E-005	-4.55183908343E-007
9.59	10.12
9.60	10.53
9.63	10.79
9.66	7.41
9.69	11.73
9.70	6.63
9.70	6.87
9.76	7.49
9.76	8.17
9.77	10.67
9.79	10.73
9.85	6.74
9.89	10.74
9.93	8.41
9.96	11.01
9.96	7.11
9.97	7.68
